=== n=1 maxce=0 (phi=0) witnesses=1
W n=1 m=0 edges:
TAUEXCESS n=1 excess=2 m=0 edges:
=== n=2 maxce=1 (phi=1) witnesses=1
W n=2 m=1 edges: (0,1)
DECOMP 1 pieces: [0,1]
TAUEXCESS n=2 excess=1 m=1 edges: (0,1)
=== n=3 maxce=2 (phi=2) witnesses=1
W n=3 m=2 edges: (0,2) (1,2)
DECOMP 2 pieces: [0,2] [1,2]
=== n=4 maxce=3 (phi=3) witnesses=3
W n=4 m=3 edges: (0,3) (1,3) (2,3)
DECOMP 3 pieces: [0,3] [1,3] [2,3]
W n=4 m=3 edges: (0,2) (0,3) (1,3)
W n=4 m=6 edges: (0,1) (0,2) (0,3) (1,2) (1,3) (2,3)
GPFAIL n=4 edges: (0,1) (0,2) (0,3) (1,2) (1,3) (2,3)
=== n=5 maxce=4 (phi=4) witnesses=6
W n=5 m=4 edges: (0,3) (0,4) (1,4) (2,4)
DECOMP 4 pieces: [0,3] [0,4] [1,4] [2,4]
W n=5 m=4 edges: (0,3) (0,4) (1,3) (2,4)
W n=5 m=4 edges: (0,3) (1,3) (2,3) (3,4)
W n=5 m=7 edges: (0,2) (0,3) (0,4) (1,3) (2,3) (2,4) (3,4)
GPFAIL n=5 edges: (0,2) (0,3) (0,4) (1,2) (1,3) (1,4) (2,3) (2,4)
=== n=6 maxce=5 (phi=6) witnesses=18
W n=6 m=5 edges: (0,4) (0,5) (1,4) (2,5) (3,5)
DECOMP 5 pieces: [0,4] [0,5] [1,4] [2,5] [3,5]
W n=6 m=5 edges: (0,4) (1,4) (2,5) (3,5) (4,5)
W n=6 m=5 edges: (0,4) (1,4) (2,4) (3,5) (4,5)
W n=6 m=5 edges: (0,3) (0,5) (1,4) (1,5) (2,5)
PURE n=6 r=0 slack=2 m=9 edges: (0,3) (0,4) (0,5) (1,3) (1,4) (1,5) (2,3) (2,4) (2,5)
=== n=7 maxce=7 (phi=7) witnesses=1
W n=7 m=15 edges: (0,1) (0,2) (0,3) (0,4) (0,5) (0,6) (1,2) (1,3) (1,4) (1,5) (1,6) (2,3) (2,4) (2,5) (2,6)
DECOMP 7 pieces: [0,1] [0,2,1,3] [0,4] [0,5,1,4,2,6] [1,6] [2,3] [2,5]
PURE n=7 r=1 slack=1 m=12 edges: (0,3) (0,4) (0,5) (0,6) (1,3) (1,4) (1,5) (1,6) (2,3) (2,4) (2,5) (2,6)
TAUEXCESS n=7 excess=1 m=15 edges: (0,1) (0,2) (0,3) (0,4) (0,5) (0,6) (1,2) (1,3) (1,4) (1,5) (1,6) (2,3) (2,4) (2,5) (2,6)
GPFAIL n=7 edges: (0,3) (0,4) (0,5) (0,6) (1,3) (1,4) (1,5) (2,4) (2,5) (2,6) (3,6)
=== n=8 maxce=8 (phi=8) witnesses=4
W n=8 m=16 edges: (0,2) (0,3) (0,4) (0,5) (0,6) (0,7) (1,3) (2,3) (2,4) (2,5) (2,6) (2,7) (3,4) (3,5) (3,6) (3,7)
DECOMP 8 pieces: [0,2] [0,3,2,4] [0,5] [0,6,2,5,3,7] [1,3] [2,7] [3,4] [3,6]
W n=8 m=16 edges: (0,2) (0,3) (0,4) (0,5) (0,6) (0,7) (1,3) (2,3) (2,4) (2,5) (2,6) (2,7) (3,4) (4,5) (4,6) (4,7)
W n=8 m=17 edges: (0,2) (0,3) (0,4) (0,5) (0,6) (0,7) (1,2) (1,3) (1,4) (1,5) (1,6) (1,7) (2,3) (2,4) (2,5) (2,6) (2,7)
W n=8 m=18 edges: (0,1) (0,2) (0,3) (0,4) (0,5) (0,6) (0,7) (1,2) (1,3) (1,4) (1,5) (1,6) (1,7) (2,3) (2,4) (2,5) (2,6) (2,7)
PURE n=8 r=2 slack=1 m=15 edges: (0,3) (0,4) (0,5) (0,6) (0,7) (1,3) (1,4) (1,5) (1,6) (1,7) (2,3) (2,4) (2,5) (2,6) (2,7)
TAUEXCESS n=8 excess=2 m=18 edges: (0,1) (0,2) (0,3) (0,4) (0,5) (0,6) (0,7) (1,2) (1,3) (1,4) (1,5) (1,6) (1,7) (2,3) (2,4) (2,5) (2,6) (2,7)
GPFAIL n=8 edges: (0,3) (0,4) (0,5) (1,4) (1,5) (1,6) (2,5) (2,6) (2,7) (3,6) (3,7) (4,7)
=== n=9 maxce=9 (phi=10) witnesses=15
W n=9 m=17 edges: (0,3) (0,4) (0,5) (0,6) (0,7) (0,8) (1,3) (2,4) (3,4) (3,5) (3,6) (3,7) (3,8) (4,5) (4,6) (4,7) (4,8)
DECOMP 9 pieces: [0,3] [0,4,3,5] [0,6] [0,7,3,6,4,8] [1,3] [2,4] [3,8] [4,5] [4,7]
W n=9 m=17 edges: (0,3) (0,4) (0,5) (0,6) (0,7) (0,8) (1,3) (2,4) (3,4) (3,5) (3,6) (3,7) (3,8) (4,5) (5,6) (5,7) (5,8)
W n=9 m=17 edges: (0,3) (0,4) (0,5) (0,6) (0,7) (0,8) (1,3) (2,3) (3,4) (3,5) (3,6) (3,7) (3,8) (4,5) (4,6) (4,7) (4,8)
W n=9 m=17 edges: (0,3) (0,4) (0,5) (0,6) (0,7) (0,8) (1,3) (2,3) (3,4) (3,5) (4,5) (4,6) (4,7) (4,8) (5,6) (5,7) (5,8)
PURE n=9 r=0 slack=2 m=18 edges: (0,3) (0,4) (0,5) (0,6) (0,7) (0,8) (1,3) (1,4) (1,5) (1,6) (1,7) (1,8) (2,3) (2,4) (2,5) (2,6) (2,7) (2,8)
TAUEXCESS n=9 excess=3 m=21 edges: (0,1) (0,2) (0,3) (0,4) (0,5) (0,6) (0,7) (0,8) (1,2) (1,3) (1,4) (1,5) (1,6) (1,7) (1,8) (2,3) (2,4) (2,5) (2,6) (2,7) (2,8)
